[[0.08944084 0.11430101 0.17221497 ... 0.08167336 0.13801449 0.54979509]
 [0.00822508 0.13152554 0.         ... 0.16875852 0.01159392 1.2839644 ]
 [0.         0.         0.         ... 0.         0.         1.13584374]
 ...
 [0.03647516 0.         0.         ... 0.11171668 0.03340513 1.03387184]
 [0.         0.         0.16396428 ... 0.         0.05763495 0.93465461]
 [0.         0.         0.         ... 0.         0.         0.        ]][[0.61211523 0.36671038 0.1385742  ... 0.43115079 0.50830937 1.6515268 ]
 [0.4004055  0.69308858 0.53472303 ... 0.16187203 0.34403889 1.61852132]
 [0.70315203 0.53096358 0.29981492 ... 0.38035665 0.39453225 1.60017776]
 ...
 [0.27394648 0.44909249 0.30401467 ... 0.16116123 0.52558536 1.57985858]
 [0.20872581 0.35194994 0.51305689 ... 0.40577683 0.10416666 1.37453828]
 [0.         0.         0.         ... 0.         0.         0.        ]][[0.38330298 0.50709729 0.15947088 ... 0.38379185 0.26410994 1.57187991]
 [0.58732796 0.37261976 0.30728386 ... 0.40147363 0.50615385 1.65054985]
 [0.68036439 0.34310667 0.30899663 ... 0.34618815 0.31195588 1.64372583]
 ...
 [0.3813591  0.3802931  0.26892507 ... 0.         0.51363792 1.64154359]
 [0.         0.26721876 0.4381922  ... 0.37917328 0.59047053 1.52247156]
 [0.         0.         0.         ... 0.         0.         0.        ]][[0.         0.82520091 0.45291039 ... 0.64630769 0.15032451 1.64530608]
 [0.21413038 0.41510603 0.15703756 ... 0.28138268 0.26128535 1.64747373]
 [0.12453776 0.31254464 0.295975   ... 0.         0.14799286 1.60329815]
 ...
 [0.28278075 0.36390708 0.2570533  ... 0.46849879 0.         1.64079084]
 [0.28363762 0.41927993 0.04161249 ... 0.158482   0.30628274 1.64228694]
 [0.         0.         0.         ... 0.         0.         0.        ]][[0.37905232 0.13562861 0.30912028 ... 0.43689046 0.53083254 1.63101485]
 [0.10417267 0.23344892 0.         ... 0.39765606 0.34877207 1.63955386]
 [0.30285792 0.45908462 0.1613718  ... 0.24217625 0.26231095 1.64475401]
 ...
 [0.34963111 0.55741555 0.44201212 ... 0.14161249 0.31103563 1.62420109]
 [0.         0.3931886  0.42712005 ... 0.1650301  0.36123282 1.61742358]
 [0.         0.         0.         ... 0.         0.         0.        ]][[0.27502798 0.         0.31054951 ... 0.51733965 0.13094154 1.62622267]
 [0.11457694 0.         0.         ... 0.29627255 0.16339196 1.62074883]
 [0.         0.15457819 0.28857712 ... 0.         0.30031801 1.62391569]
 ...
 [0.22396853 0.         0.20959613 ... 0.12522877 0.16133323 1.56540557]
 [0.16318059 0.13430708 0.16397691 ... 0.41707396 0.14469426 1.63189856]
 [0.         0.         0.         ... 0.         0.         0.        ]][[0.33952789 0.28693857 0.46298597 ... 0.40535813 0.33045014 1.58487057]
 [0.         0.         0.         ... 0.43283005 0.         1.60369735]
 [0.         0.         0.         ... 0.         0.         1.59575736]
 ...
 [0.         0.10417267 0.12052552 ... 0.         0.         1.59379668]
 [0.         0.16413738 0.         ... 0.22781394 0.         1.58292093]
 [0.         0.         0.         ... 0.         0.         0.        ]][[0.13478564 0.         0.10459143 ... 0.         0.26765234 1.5759335 ]
 [0.         0.1293615  0.         ... 0.2661233  0.25835937 1.54973491]
 [0.         0.         0.         ... 0.         0.16184056 1.5289205 ]
 ...
 [0.11295289 0.10863016 0.         ... 0.         0.         1.46070346]
 [0.         0.         0.23239679 ... 0.         0.         1.47892828]
 [0.         0.         0.         ... 0.         0.         0.        ]][[0.         0.         0.         ... 0.10806668 0.         1.52181219]
 [0.1        0.         0.         ... 0.         0.1        1.18222895]
 [0.         0.         0.         ... 0.         0.         0.90841424]
 ...
 [0.         0.         0.         ... 0.         0.         1.24640546]
 [0.16541757 0.         0.         ... 0.27275186 0.         1.12220492]
 [0.         0.         0.         ... 0.         0.         0.        ]][[0. 0. 0. ... 0. 0. 0.]
 [0. 0. 0. ... 0. 0. 0.]
 [0. 0. 0. ... 0. 0. 0.]
 ...
 [0. 0. 0. ... 0. 0. 0.]
 [0. 0. 0. ... 0. 0. 0.]
 [0. 0. 0. ... 0. 0. 0.]][[0. 0. 0. ... 0. 0. 0.]
 [0. 0. 0. ... 0. 0. 0.]
 [0. 0. 0. ... 0. 0. 0.]
 ...
 [0. 0. 0. ... 0. 0. 0.]
 [0. 0. 0. ... 0. 0. 0.]
 [0. 0. 0. ... 0. 0. 0.]]